---
__domain__.yaml:
  classes: 1
  instances: 1
  created_on: 2014-05-19 19:12:45.510083000 Z
  updated_on: 2014-05-19 19:12:45.510083000 Z
  size: 163
  sha1: 8CUgrwvnaF6Y2LRqmidR9zfd+ns=
SYSTEM/__namespace__.yaml:
  created_on: 2014-05-19 19:12:45.809090000 Z
  updated_on: 2014-05-19 19:12:45.809090000 Z
  size: 158
  sha1: SVa+DsmwMGb2TaJcpx7RS1fwtZ4=
SYSTEM/EVM/__namespace__.yaml:
  created_on: 2014-05-19 19:12:45.831922000 Z
  updated_on: 2014-05-19 19:12:45.831922000 Z
  size: 155
  sha1: sRy02EsdO3HlNqjIjlMq4Hek8YU=
SYSTEM/EVM/AUTOMATE.class/__class__.yaml:
  created_on: 2014-05-19 19:12:45.889136000 Z
  updated_on: 2014-05-19 19:12:45.889136000 Z
  size: 950
  sha1: vB+Z6P+svM6W+5PNutrpf7GBS0U=
SYSTEM/EVM/AUTOMATE.class/test1.yaml:
  created_on: 2014-05-19 19:12:45.902521000 Z
  updated_on: 2014-05-19 19:12:45.902521000 Z
  size: 142
  sha1: ZuQUGTzt4+3gfBEeAE1A1h9qIX8=
