---
__domain__.yaml:
  classes: 2
  instances: 2
  created_on: 2014-05-19 18:31:50.837030000 Z
  updated_on: 2014-05-19 18:31:50.837030000 Z
  size: 163
  sha1: 8CUgrwvnaF6Y2LRqmidR9zfd+ns=
System/__namespace__.yaml:
  created_on: 2014-05-19 18:31:51.133424000 Z
  updated_on: 2014-05-19 18:31:51.133424000 Z
  size: 158
  sha1: zkGwbz6m10Hqlqwr3s7lki+Xe+E=
System/Process.class/__class__.yaml:
  created_on: 2014-05-19 18:31:51.202980000 Z
  updated_on: 2014-05-19 18:31:51.202980000 Z
  size: 593
  sha1: JChnlUfxCCJuBOoUQfMP92VhOT0=
System/Process.class/Request.yaml:
  created_on: 2014-05-19 18:31:51.218522000 Z
  updated_on: 2014-05-19 18:31:51.218522000 Z
  size: 204
  sha1: 5IgAx/4gX6k1lAe+qExVS1/5SIU=
System/Request.class/__class__.yaml:
  created_on: 2014-05-19 18:31:51.245025000 Z
  updated_on: 2014-05-19 18:31:51.245025000 Z
  size: 954
  sha1: ChUC3BbaibazRjrc7bKhAH7hVtI=
System/Request.class/test_subst.yaml:
  created_on: 2014-05-19 18:31:51.257609000 Z
  updated_on: 2014-05-19 18:31:51.257609000 Z
  size: 216
  sha1: fgG02MQ6EyNXyBeBqabgLN5lf0M=
