---
__domain__.yaml:
  classes: 1
  instances: 1
  created_on: 2014-05-19 18:55:34.843330000 Z
  updated_on: 2014-05-19 18:55:34.843330000 Z
  size: 163
  sha1: 8CUgrwvnaF6Y2LRqmidR9zfd+ns=
Factory/__namespace__.yaml:
  created_on: 2014-05-19 18:55:35.139328000 Z
  updated_on: 2014-05-19 18:55:35.139328000 Z
  size: 159
  sha1: TJGEcuSZEOE2Y1/zHMbZl3s3lWg=
Factory/ServiceNow.class/__class__.yaml:
  created_on: 2014-05-19 18:55:35.222087000 Z
  updated_on: 2014-05-19 18:55:35.222087000 Z
  size: 4094
  sha1: OB7CC3npYR/toPs6h6KNQGcb2lg=
Factory/ServiceNow.class/eccq_insert.yaml:
  created_on: 2014-05-19 18:55:35.260832000 Z
  updated_on: 2014-05-19 18:55:35.260832000 Z
  size: 346
  sha1: wxvSU77kWa3RxknRm2rAwFWYCQ0=
