---
__domain__.yaml:
  classes: 1
  instances: 2
  created_on: 2014-05-19 16:41:53.244693000 Z
  updated_on: 2014-05-19 16:41:53.244693000 Z
  size: 163
  sha1: 8CUgrwvnaF6Y2LRqmidR9zfd+ns=
EVM/__namespace__.yaml:
  created_on: 2014-05-19 16:41:53.359180000 Z
  updated_on: 2014-05-19 16:41:53.359180000 Z
  size: 155
  sha1: sRy02EsdO3HlNqjIjlMq4Hek8YU=
EVM/AUTOMATE.class/__class__.yaml:
  created_on: 2014-05-19 16:41:53.449988000 Z
  updated_on: 2014-05-19 16:41:53.449988000 Z
  size: 935
  sha1: eQrc+f/g8IXZE7fOn6Ti+1a7SVM=
EVM/AUTOMATE.class/bad_vmdb_type_test.yaml:
  created_on: 2014-05-19 16:41:53.536854000 Z
  updated_on: 2014-05-19 16:41:53.536854000 Z
  size: 279
  sha1: euSFX+6lVbD8DJyegwDmh1hYM1Q=
EVM/AUTOMATE.class/ems_test.yaml:
  created_on: 2014-05-19 16:41:53.547877000 Z
  updated_on: 2014-05-19 16:41:53.547877000 Z
  size: 459
  sha1: t9DEYCtqC98RDKXPRFu5Ye65M58=
