---
__domain__.yaml:
  classes: 1
  instances: 1
  method_files: 1
  method_instances: 1
  created_on: 2014-05-19 18:32:40.686665000 Z
  updated_on: 2014-05-19 18:32:40.686665000 Z
  size: 163
  sha1: 8CUgrwvnaF6Y2LRqmidR9zfd+ns=
EVM/__namespace__.yaml:
  created_on: 2014-05-19 18:32:40.795163000 Z
  updated_on: 2014-05-19 18:32:40.795163000 Z
  size: 155
  sha1: sRy02EsdO3HlNqjIjlMq4Hek8YU=
EVM/AUTOMATE.class/__class__.yaml:
  created_on: 2014-05-19 18:32:40.879932000 Z
  updated_on: 2014-05-19 18:32:40.879932000 Z
  size: 542
  sha1: SDj5kml0Fp4YVMPNHZ9sxlQ8hqY=
EVM/AUTOMATE.class/test1.yaml:
  created_on: 2014-05-19 18:32:40.957703000 Z
  updated_on: 2014-05-19 18:32:40.957703000 Z
  size: 170
  sha1: /jvMavaDlEJxRAL+CgYP7/32PxA=
EVM/AUTOMATE.class/__methods__/test.rb:
  created_on: 2014-05-19 18:32:40.993420000 Z
  updated_on: 2014-05-19 18:32:40.993420000 Z
  size: 47
  sha1: vDiUMJ/tW1ljiauLiA7sfgJQE7k=
EVM/AUTOMATE.class/__methods__/test.yaml:
  created_on: 2014-05-19 18:32:40.993420000 Z
  updated_on: 2014-05-19 18:32:40.993420000 Z
  size: 184
  sha1: zZYyXxVN2uuri6zRFBaJFOFV0EE=
